     0      0
    -2  -4097
     0      0
    -2      0
     0      0
     0      0
     0      0
    -1     -1
     0      0
     0      0
     0      0
     0      0
     0      0
     0      0
     0      0
    -1      0
     0      0
     0      0
     0      0
     0     -1
     0      0
     0      0
     0      0
     0      0
     0      0
     0      0
     0      0
     0      0
     0      0
     0      0
     0      0
     0      0
     0      0
     0      0
     0      0
    -1      0
     0      0
     0      0
     0      0
     1      0
     0      0
     0      0
     0      0
     0      0
     0      0
     0      0
     0      0
     0      0
     0      0
     0      0
     0      0
     0     -1
     0      0
     0      0
     0      0
     0      0
     0      0
     0      0
     0      0
     0      0
     0      0
     0      0
     0      0
     0   4096
